Tc_estimate = 2.27450250
U4_fixed_point = 0.60408124
Crossed_L = 80 and 128
