Tc_Mean = 2.273450
Tc_Std = 0.005580
Raw_Crossings = [2.266417738414807, 2.2678694056141744, 2.2790297742090715]
