Tc_Mean = 2.268544
Tc_Std = 0.007226
All_Roots = [2.2664177384147965, 2.267869405613864, 2.2686525963305186, 2.279029774209187, 2.2586228077818142]
